'Percentage Increase'
89.6
83.1
82.1
80.2
71
70.8
64.5
63.2
60.5
59.7
58.9
57.7
56.1
55
53.7
53.2
52.9
52.3
51.9
50.1
50
48.4
48.2
47.7
47.6
47.5
47.4
47
47
46.4
46
44.4
44.1
44.1
44
41.4
41
41
40.5
40.1
40
39.9
39.8
39
38.7
38.7
38.5
38.5
38.1
38
37.9
37.8
37.7
37.6
37.5
37.3
36.9
36.8
36.6
36.4
36.4
36.1
36
35.9
35.6
35.6
35.6
35.6
35.5
35.4
35
34.8
34.7
34.5
34.4
34.2
34
34
33.1
33.1
33
32.9
32.9
32.8
32.7
32.6
32.6
32.4
32.4
32.1
32
31.9
31.8
31.7
31.6
31.3
31.2
31.1
31
30.9
