'Lengths'
11.8599996566772
11.8800001144409
11.8800001144409
11.9099998474121
11.8800001144409
11.8800001144409
11.8800001144409
11.8800001144409
11.8800001144409
11.8599996566772
11.8800001144409
11.8800001144409
11.8800001144409
11.8800001144409
11.8599996566772
11.8299999237061
11.8599996566772
11.8599996566772
11.8800001144409
11.8800001144409
11.8800001144409
11.8299999237061
11.8599996566772
11.8599996566772
11.8599996566772
11.8800001144409
11.8800001144409
11.8599996566772
11.8800001144409
11.8299999237061
