'Length'
18.8019981384277
18.8099994659424
18.7799987792969
18.7569999694824
18.8239994049072
18.8269996643066
18.8249988555908
18.8089981079102
18.7939987182617
18.7869987487793
18.8439998626709
18.8239994049072
18.8289985656738
18.8169994354248
18.7849998474121
18.7469997406006
18.8019981384277
18.8259983062744
18.8099994659424
18.8019981384277
18.7799987792969
18.8299999237061
18.8739986419678
18.8359985351562
18.757999420166
18.8129997253418
18.8439998626709
18.8609981536865
18.8239994049072
18.8349990844727
18.7939987182617
18.8529987335205
18.8229999542236
18.8629989624023
18.8079986572266
