'x-bar'
3.84999990463257
5.07499980926514
4.375
4.67500019073486
5.19999980926514
4.25
3.77500009536743
4.07499980926514
5.80000019073486
4.97499990463257
4.22499990463257
4.125
4.34999990463257
4.92500019073486
5.09999990463257
4.17500019073486
4.30000019073486
4.40000009536743
4.77500009536743
4.52500009536743
4.22499990463257
5.07499980926514
4.32499980926514
5.02500009536743
4.72499990463257
4.59999990463257
4.52500009536743
4.80000019073486
4.55000019073486
3.875
4.75
4.67500019073486
4.69999980926514
4.40000009536743
5.15000009536743
4.72499990463257
4.34999990463257
3.95000004768372
4.30000019073486
4.72499990463257
4.97499990463257
4.32499980926514
4.69999980926514
4.32499980926514
4.17500019073486
3.79999995231628
3.77500009536743
4.52500009536743
5.375
4.22499990463257
