'Measurement'
-0.02
-0.016
-0.002
-0.004
-0.014
-0.006
-0.006
0.004
0.024
0
-0.008
-0.014
0.01
0.01
0.004
0.014
0.004
0.078
0.012
0.006
0.006
-0.01
-0.043
-0.051
0.003
0.035
-0.017
0.032
0.034
0.029
-0.016
-0.02
-0.019
-0.026
-0.065
-0.011
-0.018
-0.036
-0.022
-0.005
0
0.029
0.018
0.01
-0.002
0.024
-0.014
-0.006
0.014
0.034
-0.032
-0.03
-0.014
-0.016
-0.018
-0.028
0.016
0.008
0.026
0.002
-0.012
0
-0.01
-0.02
-0.022
-0.016
0.002
-0.024
0.022
-0.004
-0.008
-0.004
0.012
0.026
-0.04
0.008
0.012
-0.032
0.01
0
0.044
0.001
0.014
0.006
-0.002
-0.024
-0.018
-0.018
-0.018
-0.032
0
0
-0.002
-0.012
-0.016
-0.028
-0.01
0.026
0.014
0.01
0.01
0.006
-0.006
-0.008
-0.024
-0.016
-0.018
-0.002
-0.014
-0.016
